Generation,BestFitness,AverageFitness,WorstFitness
0,38411.5,44588.6,49687
1,37642,42694.1,49697
2,34191,41563.4,47784.5
3,34191,40014.7,46578.5
4,33850.5,39255.6,45465.5
5,33280,38476.7,46569
6,32714.5,37893.1,45503.5
7,32714.5,36947.9,44400
8,29683.5,36427.5,44499.5
9,29683.5,35047.5,41143.5
10,29065,34513.3,42675.5
11,28982,33894.9,47835
12,28982,32610.6,43759.5
13,28891.5,33596.7,40723
14,28132.5,31760.7,42416
15,27660,30441.7,39557
16,27388.5,28829.3,31130.5
17,27056,28386.4,31331
18,26241.5,27848.7,30958.5
19,25830.5,27356.1,31277
20,25706,26842.3,29431.5
21,25680,26541.3,29831
22,25575,26218.5,28795.5
23,25346.5,26109.9,30023.5
24,25314,25929.7,29355.5
25,25110,25963.8,28638.5
26,24763.5,25994.2,28805
27,24574,25804.3,29943.5
28,24552,25552.1,27965
29,24054.5,25438.8,28161.5
30,23759.5,25132.8,27963
31,23568,24832.8,27492.5
32,23448.5,24494.5,27222
33,23119,24342.8,27066
34,22893,24036.8,26579.5
35,22480,23820.3,28035.5
36,22480,23445.9,26833
37,22480,23357.2,25951
38,22272.5,23069.8,26720.5
39,22206.5,22962,25043.5
40,21925,22920.5,25624.5
41,21893.5,22838.5,26539.5
42,21821,22666.7,25775
43,21703,22449.4,26422
44,21373.5,22363.1,25789
45,21067.5,22187.1,25532.5
46,20821,21834.6,25192.5
47,20821,21662,25458
48,20791.5,21568.4,25050.5
49,20644.5,21373.9,24306.5
50,20644.5,21376.9,24256
51,20623.5,21408.3,24091
52,20549,21298.9,24853
53,20399,21075.7,23293.5
54,20399,21071.9,23671.5
55,20399,21008.9,23771
56,20226,21052,23856.5
57,20226,21158.9,24633.5
58,20156,20858.3,23707
59,20092,20797.3,23396
60,20092,20840.1,24060.5
61,20092,20820.6,25214.5
62,19798,20756.9,23727
63,19755.5,20849.6,23678
64,19744,20470.7,23599.5
65,19744,20387.7,24473.5
66,19731.5,20406.3,23495
67,19578,20444.9,23232.5
68,19578,20351.5,24119.5
69,19529,20143.7,22717
70,19487,20308.2,23082.5
71,19400.5,20075.6,22661
72,19396,20146,22756.5
73,19396,20086.4,23384.5
74,19230.5,19959.5,23458
75,19226,19935.5,22206
76,19226,20016.9,23272.5
77,19201.5,19773.2,23520
78,19197,19823.4,22560
79,19123.5,19840.9,22572.5
80,19123.5,19692.1,22473
81,18991,19703.2,24069
82,18868,19730.2,23082.5
83,18868,19584.3,22312
84,18802,19669.5,22399.5
85,18802,19338.3,22753.5
86,18720.5,19522.3,22983
87,18720.5,19440.3,22737
88,18698,19682.6,23932
89,18698,19493.5,23174.5
90,18668.5,19318.3,22736
91,18653,19200.3,22220
92,18563.5,19265.2,22923
93,18548,19256.2,22981
94,18548,19189,22113
95,18548,19080.5,22464.5
96,18530,19186.3,22671
97,18392.5,19126.1,21295.5
98,18392.5,19170,23830
99,18374.5,19168.8,22739.5
100,18370.5,18984.6,23581
101,18222,18927.8,21065
102,18218,19033.4,23780
103,18104.5,18892.7,22524
104,18104.5,18856.8,23404
105,18104.5,18741,21014
106,18083.5,18746.5,22531
107,18082.5,18671.9,22016.5
108,18042,18803.7,22407
109,18042,18787,23108
110,18037.5,18620.8,22427.5
111,18037.5,18848.4,22559
112,18033,18585.5,20746
113,18033,18611.6,22948.5
114,18032,18891.5,23589
115,18032,18533.2,21538
116,18032,18578.1,24212
117,18032,18707.9,22429
118,17998.5,18619.3,22181
119,17998.5,18663.2,22306
120,17998.5,18583.9,22030.5
121,17998.5,18642.6,23128
122,17984.5,18626.3,20939
123,17984.5,18583.7,21023.5
124,17984.5,18508.5,23448
125,17912.5,18614.2,22057
126,17912.5,18602.2,21495
127,17901,18549,23210
128,17901,18582,22577
129,17863.5,18471.7,23302
130,17863.5,18358.4,22393.5
131,17839,18630,22447.5
132,17827.5,18600,21377.5
133,17827.5,18390.3,21223
134,17827.5,18457.4,22395.5
135,17827.5,18491.6,22925.5
136,17827.5,18497.2,21479.5
137,17827.5,18398.7,21958
138,17613,18359.8,20969
139,17613,18464.7,22169
140,17613,18364.5,21883
141,17579,18424.6,21492.5
142,17579,18420.7,21459.5
143,17556,18232.7,22089
144,17556,18239.8,21844
145,17537,18268.4,21859.5
146,17537,17994.6,20911.5
147,17537,18054.2,20196.5
148,17537,18267.3,21840
149,17537,18150.8,21333
150,17475,18205.1,21375.5
151,17475,18077.2,20946
152,17472.5,18151.8,22302
153,17426,17998.3,20376
154,17426,18061.4,21075
155,17426,18019.9,22362
156,17419.5,17996.6,20940
157,17419.5,18019.6,21840.5
158,17365.5,18060.4,20623
159,17343,18043.7,22235
160,17343,18068.3,20975.5
161,17343,18027.1,20959.5
162,17295,18104.1,21611
163,17213.5,17900.1,20369.5
164,17186.5,17969.7,20547
165,17186.5,17989,20607
166,17185.5,17944.4,23227.5
167,17185.5,17811.7,21402.5
168,17185.5,17695.3,20773
169,17161.5,17707.3,20744.5
170,17161.5,17949.6,21358.5
171,17161.5,17778.8,20150
172,17161.5,17675.6,20473.5
173,17161.5,17753.1,20523.5
174,17161.5,17820.9,21774
175,17161.5,17670.5,19939
176,17154.5,17626.9,21308.5
177,17154.5,17700,19897
178,17121,17876.5,21125.5
179,17121,17839.2,22480.5
180,17114,17779.5,20751.5
181,17114,17802.6,21325
182,17114,17706.8,20590.5
183,17114,17560.6,21729
184,17114,17644.4,20466
185,17082.5,17711.4,20442.5
186,17030.5,17607.6,20279.5
187,16958.5,17713,20013
188,16958.5,17731.6,20969
189,16918.5,17525.6,19566.5
190,16918.5,17638.8,22109
191,16886,17491.8,21566.5
192,16886,17444.6,19503
193,16886,17553.5,20483
194,16886,17481,20120.5
195,16886,17316.9,19625
196,16886,17700.4,20754.5
197,16886,17535.8,19906.5
198,16886,17347,20492.5
199,16875,17469.5,21423.5
200,16875,17598.5,20739.5
201,16828,17452.8,20803
202,16828,17450.8,20141.5
203,16828,17530.3,20273.5
204,16817,17489.5,22254.5
205,16817,17329.5,20367
206,16817,17373.6,20300
207,16817,17428.9,20682
208,16817,17532.7,20063.5
209,16802,17543.2,20458
210,16776.5,17454.6,20154.5
211,16776.5,17430.5,19887
212,16776.5,17208.7,20496
213,16738.5,17469.5,20428
214,16738.5,17378,19743.5
215,16738.5,17376.8,20581
216,16738.5,17366.3,19964.5
217,16738.5,17304.9,21321.5
218,16738.5,17414.6,21380.5
219,16738.5,17279.9,20384.5
220,16738.5,17455.5,20746
221,16738.5,17289.9,20776
222,16738.5,17466.9,20514.5
223,16732,17387.9,21159.5
224,16732,17283.3,21006.5
225,16732,17386.5,20030
226,16732,17301.2,19468
227,16732,17400.5,21139
228,16732,17283.1,19836
229,16732,17527.9,20585
230,16732,17164.3,20107.5
231,16732,17516.8,20859.5
232,16732,17370,20245.5
233,16732,17350.6,20474
234,16708,17381.4,20109
235,16708,17250.8,21175.5
236,16708,17374,20040
237,16708,17209.7,21285
238,16708,17422,21501
239,16708,17553,20985
240,16708,17441,22059.5
241,16708,17342.3,22145.5
242,16708,17409,20509
243,16708,17475.5,20535.5
244,16708,17454.7,21529
245,16708,17424.8,20217.5
246,16708,17340.3,20169.5
247,16708,17347.3,21248
248,16708,17520,20920
249,16708,17488,20711
250,16708,17353,21354
251,16708,17450.2,21496.5
252,16708,17263.7,20310.5
253,16708,17399.4,20285.5
254,16708,17274.3,20056.5
255,16708,17302,19367.5
256,16708,17276.1,19758
257,16708,17325,20287
258,16708,17312.4,19734.5
259,16708,17249.6,19787.5
260,16708,17357.3,20695
261,16708,17401.8,20208.5
262,16708,17317.5,20388.5
263,16708,17340.5,21504
264,16708,17253.7,20786
265,16708,17275,21519
266,16708,17293.8,20178.5
267,16708,17226.5,21076
268,16708,17395.6,21077.5
269,16708,17303.1,19689.5
270,16708,17368.8,20565
271,16708,17220.7,20552
272,16708,17269.9,21076.5
273,16708,17329.5,19261.5
274,16708,17422.8,21164.5
275,16708,17452.5,22348.5
276,16708,17376.7,21941.5
277,16708,17269.7,20116
278,16708,17243.8,19986.5
279,16708,17219.1,21022
280,16708,17283,19807
281,16708,17505.9,20303
282,16708,17222.3,19316.5
283,16708,17342.8,20695.5
284,16708,17203,20281
285,16708,17431.5,22792
286,16708,17156.2,19735.5
287,16708,17266.8,19976.5
288,16708,17395.7,20191.5
289,16708,17261.2,20745
290,16708,17288.6,19508.5
291,16708,17517,21977.5
292,16708,17517.9,21352
293,16708,17364.2,20411.5
294,16708,17333.7,20049.5
295,16708,17571.7,22150
296,16685.5,17383.3,19542
297,16652.5,17452.9,21504.5
298,16630,17134,19570
299,16630,17365.5,21816.5
300,16630,17388,20354.5
301,16630,17211.7,22135
302,16630,17202.3,20183
303,16630,17322.6,19709
304,16630,17264.9,19692.5
305,16630,17134,19438.5
306,16630,17344.8,19914.5
307,16630,17329.2,20488.5
308,16630,17295.4,20432.5
309,16630,17153.8,20310
310,16630,17198.7,20783
311,16630,17161.4,20633.5
312,16630,17322.7,20718
313,16630,17310,21873
314,16603,17202.2,21131.5
315,16603,17212.3,20804
316,16603,17164.5,20376.5
317,16603,17139.1,19819
318,16603,17268.7,19707
319,16603,17206.4,20626.5
320,16603,17185.6,19405.5
321,16603,17255.7,20258.5
322,16565,17210.1,21298
323,16565,17238.5,21333.5
324,16565,17482.9,23247
325,16565,17353.9,20677
326,16530,17169.6,21299
327,16530,17200.7,19511
328,16530,17293.7,20978.5
329,16530,17175.5,19890
330,16530,17321,21336.5
331,16530,17142.9,20051.5
332,16530,17042.6,20502.5
333,16524,17024.5,20081.5
334,16520.5,17175.7,20201.5
335,16520.5,16982.4,20899.5
336,16520.5,17184.8,22251

RunTime (seconds),3.6649
Evaluate Calls,50139
